10,244
10,307
10,212
10,92
10,116
10,5
10,148
10,2
9,5
9,1
9,7
9,2
9,3
8,4
8,14
8,15
8,16
8,8
8,12
32,3
32,2
32,1
32,0
30,4
30,3
30,1
24,3
24,1
23,3
23,1
17,3
17,2
17,1
16,3
20,2
20,1
16,2
16,1
15,3
20,3
15,2
15,1
12,3
12,2
12,1
19,2
19,1
11,30
11,29
11,28
11,27
11,26
11,25
11,24
11,23
11,22
11,21
11,20
11,19
11,18
11,17
11,16
11,15
11,14
11,13
11,12
11,11
11,10
11,9
11,8
11,7
11,6
11,5
11,4
11,3
19,3
11,2
11,1
10,312
10,311
10,310
10,308
10,306
10,304
10,303
10,301
10,299
10,298
10,297
10,296
10,295
10,294
10,293
10,292
10,290
10,289
10,286
10,285
10,278
10,276
10,274
10,271
10,268
10,257
10,227
